Theta = 29.999557 degrees
M = 0.030000
X = 54.999214
L1 Error = 0.021236
